10053
10054
10153
10157
10161
10165
10797
10798
10801
10802
10869
10870
10873
10874
11137
11138
11141
11777
11778
11781
11782
11785
11786
11881
11882
120102
120105
120107
120805
121340
12217
12218
12537
12538
12541
12542
12545
12546
12549
12550
12682
12685
130793
130799
130802
130805
13105
13109
13110
13133
13134
13138
13141
13142
13261
13262
134961
134962
134964
134965
13549
13550
13789
13790
13793
13794
13797
13798
14601
31065
31066
31309
31310
31313
31314
31593
31594
32121
32122
32125
32126
32129
32130
32849
32909
32910
32913
32914
33005
33142
33145
33146
33149
33158
33517
33518
33745
33746
34386
34501
34502
34505
34506
34509
34510
34517
34518
34877
34878
34881
34882
34885
34886
34889
34890
35193
35197
35198
35201
35202
35733
35745
35746
35749
35750
35881
35882
35886
35889
35890
36150
53545
53546
53549
53550
53809
53810
54073
54074
54561
54562
55309
55313
55369
55370
55373
55374
55377
55378
55449
55453
55454
55637
55638
55641
55642
56073
56074
56077
56081
56082
56349
56350
56353
56354
56357
56358
56361
56362
57197
57198
57201
57202
57549
57550
57873
57874
57990
57993
58421
58422
58445
58446
58449
58450
58453
58454
58574
58829
58830
58833
58834
59037
59038
59041
59042
59045
59046
76197
76198
76201
76202
76429
76430
76433
76434
76713
76714
76717
76718
76721
76722
77265
77266
77982
77985
77986
77989
77990
77993
77994
78069
78073
78701
78702
78705
78781
78782
79025
79026
79029
79030
79033
79034
79037
79038
79041
79042
79778
79785
79786
79789
79790
80545
80546
80549
80550
80553
80554
80898
81117
81118
81125
81126
81129
81130
81133
81134
81242
81245
81246
81249
81250
81493
81494
81497
81693
81694
8401
8402
8405
8406
8625
8626
9393
9394
94602
94611
94612
94677
